method,acc,auc,data_pr,cls_pr,tpr,tnr,extra
original-all,0.623,0.685,0.483,0.408,0.533,0.708,0.000
original-group-0,0.591,0.608,0.538,0.602,0.680,0.488,0.493
original-group-1,0.654,0.743,0.429,0.220,0.354,0.881,0.507
original-delta,-0.063,-0.136,0.108,0.382,0.326,-0.392,0.392
original-fair_reg-all,0.639,0.680,0.483,0.520,0.665,0.615,0.000
original-fair_reg-group-0,0.597,0.607,0.538,0.522,0.610,0.581,0.493
original-fair_reg-group-1,0.681,0.744,0.429,0.518,0.732,0.642,0.507
original-fair_reg-delta,-0.084,-0.137,0.108,0.003,-0.122,-0.061,0.122
original-fair_pp-all,0.613,0.680,0.483,0.324,0.434,0.779,0.000
original-fair_pp-group-0,0.543,0.608,0.538,0.328,0.380,0.733,0.493
original-fair_pp-group-1,0.681,0.743,0.429,0.319,0.500,0.817,0.507
original-fair_pp-delta,-0.138,-0.136,0.108,0.009,-0.120,-0.084,0.120
original-fair_adv-all,0.642,0.686,0.483,0.422,0.566,0.713,0.000
original-fair_adv-group-0,0.591,0.607,0.538,0.484,0.570,0.616,0.493
original-fair_adv-group-1,0.691,0.744,0.429,0.361,0.561,0.789,0.507
original-fair_adv-delta,-0.100,-0.137,0.108,0.123,0.009,-0.173,0.173
original-fair_resample-all,0.645,0.711,0.483,0.371,0.516,0.764,0.000
original-fair_resample-group-0,0.575,0.630,0.538,0.435,0.510,0.651,0.493
original-fair_resample-group-1,0.712,0.775,0.429,0.309,0.524,0.853,0.507
original-fair_resample-delta,-0.137,-0.146,0.108,0.127,-0.014,-0.202,0.202
adv-clean-all,0.629,0.680,0.483,0.435,0.566,0.687,0.000
adv-clean-group-0,0.597,0.611,0.538,0.661,0.740,0.430,0.493
adv-clean-group-1,0.660,0.732,0.429,0.215,0.354,0.890,0.507
adv-clean-delta,-0.063,-0.121,0.108,0.447,0.386,-0.460,0.460
adv-clean-fair_reg-all,0.621,0.679,0.483,0.496,0.621,0.621,0.000
adv-clean-fair_reg-group-0,0.581,0.612,0.538,0.516,0.590,0.570,0.493
adv-clean-fair_reg-group-1,0.660,0.735,0.429,0.476,0.659,0.661,0.507
adv-clean-fair_reg-delta,-0.079,-0.122,0.108,0.040,-0.069,-0.091,0.091
adv-clean-fair_pp-all,0.613,0.677,0.483,0.446,0.560,0.662,0.000
adv-clean-fair_pp-group-0,0.575,0.611,0.538,0.468,0.540,0.616,0.493
adv-clean-fair_pp-group-1,0.649,0.732,0.429,0.424,0.585,0.697,0.507
adv-clean-fair_pp-delta,-0.074,-0.121,0.108,0.044,-0.045,-0.081,0.081
adv-clean-fair_adv-all,0.642,0.685,0.483,0.416,0.560,0.718,0.000
adv-clean-fair_adv-group-0,0.586,0.612,0.538,0.500,0.580,0.593,0.493
adv-clean-fair_adv-group-1,0.696,0.733,0.429,0.335,0.537,0.817,0.507
adv-clean-fair_adv-delta,-0.110,-0.121,0.108,0.165,0.043,-0.223,0.223
adv-clean-fair_resample-all,0.629,0.678,0.483,0.393,0.522,0.728,0.000
adv-clean-fair_resample-group-0,0.565,0.597,0.538,0.446,0.510,0.628,0.493
adv-clean-fair_resample-group-1,0.691,0.737,0.429,0.340,0.537,0.807,0.507
adv-clean-fair_resample-delta,-0.127,-0.140,0.108,0.106,-0.027,-0.179,0.179
adv-all-all,0.623,0.685,0.483,0.408,0.533,0.708,0.000
adv-all-group-0,0.591,0.608,0.538,0.602,0.680,0.488,0.493
adv-all-group-1,0.654,0.743,0.429,0.220,0.354,0.881,0.507
adv-all-delta,-0.063,-0.136,0.108,0.382,0.326,-0.392,0.392
adv-all-fair_reg-all,0.639,0.680,0.483,0.520,0.665,0.615,0.000
adv-all-fair_reg-group-0,0.597,0.607,0.538,0.522,0.610,0.581,0.493
adv-all-fair_reg-group-1,0.681,0.744,0.429,0.518,0.732,0.642,0.507
adv-all-fair_reg-delta,-0.084,-0.137,0.108,0.003,-0.122,-0.061,0.122
adv-all-fair_pp-all,0.613,0.680,0.483,0.324,0.434,0.779,0.000
adv-all-fair_pp-group-0,0.543,0.608,0.538,0.328,0.380,0.733,0.493
adv-all-fair_pp-group-1,0.681,0.743,0.429,0.319,0.500,0.817,0.507
adv-all-fair_pp-delta,-0.138,-0.136,0.108,0.009,-0.120,-0.084,0.120
adv-all-fair_adv-all,0.642,0.686,0.483,0.422,0.566,0.713,0.000
adv-all-fair_adv-group-0,0.591,0.607,0.538,0.484,0.570,0.616,0.493
adv-all-fair_adv-group-1,0.691,0.744,0.429,0.361,0.561,0.789,0.507
adv-all-fair_adv-delta,-0.100,-0.137,0.108,0.123,0.009,-0.173,0.173
adv-all-fair_resample-all,0.613,0.665,0.483,0.382,0.495,0.723,0.000
adv-all-fair_resample-group-0,0.570,0.617,0.538,0.398,0.470,0.686,0.493
adv-all-fair_resample-group-1,0.654,0.705,0.429,0.366,0.524,0.752,0.507
adv-all-fair_resample-delta,-0.085,-0.089,0.108,0.031,-0.054,-0.066,0.066
adv-konstantinov-all,0.623,0.685,0.483,0.408,0.533,0.708,0.400
adv-konstantinov-group-0,0.591,0.608,0.538,0.602,0.680,0.488,0.493
adv-konstantinov-group-1,0.654,0.743,0.429,0.220,0.354,0.881,0.507
adv-konstantinov-delta,-0.063,-0.136,0.108,0.382,0.326,-0.392,0.392
adv-konstantinov-fair_reg-all,0.639,0.680,0.483,0.520,0.665,0.615,0.000
adv-konstantinov-fair_reg-group-0,0.597,0.607,0.538,0.522,0.610,0.581,0.493
adv-konstantinov-fair_reg-group-1,0.681,0.744,0.429,0.518,0.732,0.642,0.507
adv-konstantinov-fair_reg-delta,-0.084,-0.137,0.108,0.003,-0.122,-0.061,0.122
adv-konstantinov-fair_pp-all,0.613,0.680,0.483,0.324,0.434,0.779,0.000
adv-konstantinov-fair_pp-group-0,0.543,0.608,0.538,0.328,0.380,0.733,0.493
adv-konstantinov-fair_pp-group-1,0.681,0.743,0.429,0.319,0.500,0.817,0.507
adv-konstantinov-fair_pp-delta,-0.138,-0.136,0.108,0.009,-0.120,-0.084,0.120
adv-konstantinov-fair_adv-all,0.642,0.686,0.483,0.422,0.566,0.713,0.000
adv-konstantinov-fair_adv-group-0,0.591,0.607,0.538,0.484,0.570,0.616,0.493
adv-konstantinov-fair_adv-group-1,0.691,0.744,0.429,0.361,0.561,0.789,0.507
adv-konstantinov-fair_adv-delta,-0.100,-0.137,0.108,0.123,0.009,-0.173,0.173
adv-konstantinov-fair_resample-all,0.623,0.682,0.483,0.398,0.522,0.718,0.000
adv-konstantinov-fair_resample-group-0,0.591,0.622,0.538,0.430,0.520,0.674,0.493
adv-konstantinov-fair_resample-group-1,0.654,0.731,0.429,0.366,0.524,0.752,0.507
adv-konstantinov-fair_resample-delta,-0.063,-0.109,0.108,0.064,-0.004,-0.078,0.078
adv-selected-all,0.642,0.689,0.483,0.385,0.527,0.749,0.333
adv-selected-group-0,0.608,0.626,0.538,0.575,0.670,0.535,0.493
adv-selected-group-1,0.675,0.732,0.429,0.199,0.354,0.917,0.507
adv-selected-delta,-0.068,-0.106,0.108,0.376,0.316,-0.383,0.383
adv-selected-fair_reg-all,0.626,0.684,0.483,0.496,0.626,0.626,0.333
adv-selected-fair_reg-group-0,0.597,0.627,0.538,0.532,0.620,0.570,0.493
adv-selected-fair_reg-group-1,0.654,0.733,0.429,0.461,0.634,0.670,0.507
adv-selected-fair_reg-delta,-0.058,-0.106,0.108,0.072,-0.014,-0.100,0.100
adv-selected-fair_pp-all,0.631,0.683,0.483,0.363,0.495,0.759,0.333
adv-selected-fair_pp-group-0,0.581,0.626,0.538,0.387,0.470,0.709,0.493
adv-selected-fair_pp-group-1,0.681,0.732,0.429,0.340,0.524,0.798,0.507
adv-selected-fair_pp-delta,-0.100,-0.106,0.108,0.047,-0.054,-0.089,0.089
adv-selected-fair_adv-all,0.637,0.691,0.483,0.363,0.500,0.764,0.333
adv-selected-fair_adv-group-0,0.591,0.626,0.538,0.430,0.520,0.674,0.493
adv-selected-fair_adv-group-1,0.681,0.732,0.429,0.298,0.476,0.835,0.507
adv-selected-fair_adv-delta,-0.089,-0.106,0.108,0.132,0.044,-0.160,0.160
adv-selected-fair_resample-all,0.597,0.644,0.483,0.318,0.412,0.769,0.000
adv-selected-fair_resample-group-0,0.559,0.608,0.538,0.333,0.400,0.744,0.493
adv-selected-fair_resample-group-1,0.634,0.667,0.429,0.304,0.427,0.789,0.507
adv-selected-fair_resample-delta,-0.074,-0.059,0.108,0.030,-0.027,-0.045,0.045
adv-voting-all,0.626,0.688,0.483,0.416,0.544,0.703,0.228
adv-voting-group-0,0.591,0.615,0.538,0.634,0.710,0.453,0.493
adv-voting-group-1,0.660,0.742,0.429,0.204,0.341,0.899,0.507
adv-voting-delta,-0.068,-0.127,0.108,0.430,0.369,-0.446,0.446
adv-voting-fair_reg-all,0.650,0.682,0.483,0.499,0.654,0.646,0.220
adv-voting-fair_reg-group-0,0.613,0.613,0.538,0.516,0.620,0.605,0.493
adv-voting-fair_reg-group-1,0.686,0.744,0.429,0.482,0.695,0.679,0.507
adv-voting-fair_reg-delta,-0.073,-0.130,0.108,0.034,-0.075,-0.074,0.075
adv-voting-fair_pp-all,0.634,0.677,0.483,0.430,0.566,0.697,0.350
adv-voting-fair_pp-group-0,0.597,0.614,0.538,0.446,0.540,0.663,0.493
adv-voting-fair_pp-group-1,0.670,0.735,0.429,0.414,0.598,0.725,0.507
adv-voting-fair_pp-delta,-0.073,-0.121,0.108,0.033,-0.058,-0.062,0.062
adv-voting-fair_adv-all,0.642,0.690,0.483,0.422,0.566,0.713,0.233
adv-voting-fair_adv-group-0,0.591,0.611,0.538,0.484,0.570,0.616,0.493
adv-voting-fair_adv-group-1,0.691,0.745,0.429,0.361,0.561,0.789,0.507
adv-voting-fair_adv-delta,-0.100,-0.134,0.108,0.123,0.009,-0.173,0.173
adv-voting-fair_resample-all,0.626,0.680,0.483,0.374,0.500,0.744,0.305
adv-voting-fair_resample-group-0,0.554,0.602,0.538,0.414,0.470,0.651,0.493
adv-voting-fair_resample-group-1,0.696,0.744,0.429,0.335,0.537,0.817,0.507
adv-voting-fair_resample-delta,-0.143,-0.142,0.108,0.079,-0.067,-0.165,0.165
adv-TERM-all,0.615,0.610,0.483,0.279,0.390,0.826,0.000
adv-TERM-group-0,0.586,0.596,0.538,0.425,0.510,0.674,0.493
adv-TERM-group-1,0.644,0.594,0.429,0.136,0.244,0.945,0.507
adv-TERM-delta,-0.058,0.001,0.108,0.289,0.266,-0.271,0.271
adv-TERM-fair_pp-all,0.615,0.608,0.483,0.279,0.390,0.826,0.000
adv-TERM-fair_pp-group-0,0.586,0.592,0.538,0.425,0.510,0.674,0.493
adv-TERM-fair_pp-group-1,0.644,0.594,0.429,0.136,0.244,0.945,0.507
adv-TERM-fair_pp-delta,-0.058,-0.002,0.108,0.289,0.266,-0.271,0.271
adv-TERM-fair_resample-all,0.602,0.596,0.483,0.207,0.302,0.882,0.000
adv-TERM-fair_resample-group-0,0.575,0.587,0.538,0.285,0.370,0.814,0.493
adv-TERM-fair_resample-group-1,0.628,0.590,0.429,0.131,0.220,0.936,0.507
adv-TERM-fair_resample-delta,-0.053,-0.003,0.108,0.154,0.150,-0.122,0.150
adv-DRO-fair_reg-all,0.552,0.687,0.483,0.072,0.110,0.964,0.000
adv-DRO-fair_reg-group-0,0.484,0.632,0.538,0.043,0.060,0.977,0.493
adv-DRO-fair_reg-group-1,0.618,0.771,0.429,0.099,0.171,0.954,0.507
adv-DRO-fair_reg-delta,-0.134,-0.139,0.108,-0.056,-0.111,0.023,0.111
