method,acc,auc,data_pr,cls_pr,tpr,tnr,extra
original-all,0.684,0.739,0.459,0.414,0.607,0.750,0.000
original-group-0,0.665,0.697,0.524,0.576,0.730,0.593,0.507
original-group-1,0.704,0.754,0.392,0.247,0.438,0.876,0.493
original-delta,-0.039,-0.057,0.131,0.329,0.292,-0.283,0.292
original-fair_reg-all,0.666,0.724,0.459,0.459,0.636,0.691,0.000
original-fair_reg-group-0,0.639,0.698,0.524,0.466,0.600,0.681,0.507
original-fair_reg-group-1,0.694,0.757,0.392,0.452,0.685,0.699,0.493
original-fair_reg-delta,-0.055,-0.059,0.131,0.014,-0.085,-0.018,0.085
original-fair_pp-all,0.668,0.722,0.459,0.302,0.468,0.838,0.000
original-fair_pp-group-0,0.602,0.697,0.524,0.293,0.400,0.824,0.507
original-fair_pp-group-1,0.737,0.754,0.392,0.312,0.562,0.850,0.493
original-fair_pp-delta,-0.134,-0.057,0.131,-0.019,-0.162,-0.025,0.162
original-fair_adv-all,0.692,0.734,0.459,0.379,0.578,0.789,0.000
original-fair_adv-group-0,0.639,0.697,0.524,0.435,0.570,0.714,0.507
original-fair_adv-group-1,0.747,0.754,0.392,0.323,0.589,0.850,0.493
original-fair_adv-delta,-0.109,-0.057,0.131,0.112,-0.019,-0.135,0.135
original-fair_resample-all,0.682,0.724,0.459,0.401,0.590,0.760,0.000
original-fair_resample-group-0,0.628,0.688,0.524,0.445,0.570,0.692,0.507
original-fair_resample-group-1,0.737,0.749,0.392,0.355,0.616,0.814,0.493
original-fair_resample-delta,-0.108,-0.061,0.131,0.090,-0.046,-0.122,0.122
adv-clean-all,0.687,0.734,0.459,0.395,0.590,0.770,0.000
adv-clean-group-0,0.634,0.675,0.524,0.534,0.660,0.604,0.507
adv-clean-group-1,0.742,0.761,0.392,0.253,0.493,0.903,0.493
adv-clean-delta,-0.108,-0.087,0.131,0.281,0.167,-0.298,0.298
adv-clean-fair_reg-all,0.663,0.720,0.459,0.467,0.642,0.681,0.000
adv-clean-fair_reg-group-0,0.607,0.673,0.524,0.508,0.610,0.604,0.507
adv-clean-fair_reg-group-1,0.720,0.764,0.392,0.425,0.685,0.743,0.493
adv-clean-fair_reg-delta,-0.113,-0.091,0.131,0.083,-0.075,-0.139,0.139
adv-clean-fair_pp-all,0.655,0.717,0.459,0.347,0.503,0.784,0.000
adv-clean-fair_pp-group-0,0.592,0.675,0.524,0.366,0.460,0.736,0.507
adv-clean-fair_pp-group-1,0.720,0.761,0.392,0.328,0.562,0.823,0.493
adv-clean-fair_pp-delta,-0.129,-0.087,0.131,0.039,-0.102,-0.087,0.102
adv-clean-fair_adv-all,0.653,0.729,0.459,0.377,0.532,0.755,0.000
adv-clean-fair_adv-group-0,0.592,0.674,0.524,0.429,0.520,0.670,0.507
adv-clean-fair_adv-group-1,0.715,0.762,0.392,0.323,0.548,0.823,0.493
adv-clean-fair_adv-delta,-0.123,-0.088,0.131,0.107,-0.028,-0.153,0.153
adv-clean-fair_resample-all,0.668,0.723,0.459,0.355,0.526,0.789,0.000
adv-clean-fair_resample-group-0,0.602,0.671,0.524,0.419,0.520,0.692,0.507
adv-clean-fair_resample-group-1,0.737,0.758,0.392,0.290,0.534,0.867,0.493
adv-clean-fair_resample-delta,-0.134,-0.087,0.131,0.129,-0.014,-0.175,0.175
adv-all-all,0.605,0.662,0.459,0.329,0.428,0.755,0.000
adv-all-group-0,0.503,0.568,0.524,0.340,0.350,0.670,0.507
adv-all-group-1,0.710,0.741,0.392,0.317,0.534,0.823,0.493
adv-all-delta,-0.207,-0.173,0.131,0.023,-0.184,-0.153,0.184
adv-all-fair_reg-all,0.642,0.662,0.459,0.467,0.618,0.662,0.000
adv-all-fair_reg-group-0,0.607,0.567,0.524,0.539,0.640,0.571,0.507
adv-all-fair_reg-group-1,0.677,0.741,0.392,0.392,0.589,0.735,0.493
adv-all-fair_reg-delta,-0.070,-0.174,0.131,0.147,0.051,-0.163,0.163
adv-all-fair_pp-all,0.637,0.654,0.459,0.488,0.636,0.637,0.000
adv-all-fair_pp-group-0,0.586,0.568,0.524,0.518,0.600,0.571,0.507
adv-all-fair_pp-group-1,0.688,0.741,0.392,0.457,0.685,0.690,0.493
adv-all-fair_pp-delta,-0.102,-0.173,0.131,0.061,-0.085,-0.119,0.119
adv-all-fair_adv-all,0.607,0.661,0.459,0.332,0.434,0.755,0.000
adv-all-fair_adv-group-0,0.508,0.566,0.524,0.346,0.360,0.670,0.507
adv-all-fair_adv-group-1,0.710,0.740,0.392,0.317,0.534,0.823,0.493
adv-all-fair_adv-delta,-0.202,-0.174,0.131,0.028,-0.174,-0.153,0.174
adv-all-fair_resample-all,0.607,0.650,0.459,0.342,0.445,0.745,0.000
adv-all-fair_resample-group-0,0.534,0.587,0.524,0.372,0.410,0.670,0.507
adv-all-fair_resample-group-1,0.683,0.706,0.392,0.312,0.493,0.805,0.493
adv-all-fair_resample-delta,-0.149,-0.119,0.131,0.060,-0.083,-0.135,0.135
adv-konstantinov-all,0.605,0.662,0.459,0.329,0.428,0.755,0.400
adv-konstantinov-group-0,0.503,0.568,0.524,0.340,0.350,0.670,0.507
adv-konstantinov-group-1,0.710,0.741,0.392,0.317,0.534,0.823,0.493
adv-konstantinov-delta,-0.207,-0.173,0.131,0.023,-0.184,-0.153,0.184
adv-konstantinov-fair_reg-all,0.642,0.662,0.459,0.467,0.618,0.662,0.000
adv-konstantinov-fair_reg-group-0,0.607,0.567,0.524,0.539,0.640,0.571,0.507
adv-konstantinov-fair_reg-group-1,0.677,0.741,0.392,0.392,0.589,0.735,0.493
adv-konstantinov-fair_reg-delta,-0.070,-0.174,0.131,0.147,0.051,-0.163,0.163
adv-konstantinov-fair_pp-all,0.637,0.654,0.459,0.488,0.636,0.637,0.000
adv-konstantinov-fair_pp-group-0,0.586,0.568,0.524,0.518,0.600,0.571,0.507
adv-konstantinov-fair_pp-group-1,0.688,0.741,0.392,0.457,0.685,0.690,0.493
adv-konstantinov-fair_pp-delta,-0.102,-0.173,0.131,0.061,-0.085,-0.119,0.119
adv-konstantinov-fair_adv-all,0.607,0.661,0.459,0.332,0.434,0.755,0.000
adv-konstantinov-fair_adv-group-0,0.508,0.566,0.524,0.346,0.360,0.670,0.507
adv-konstantinov-fair_adv-group-1,0.710,0.740,0.392,0.317,0.534,0.823,0.493
adv-konstantinov-fair_adv-delta,-0.202,-0.174,0.131,0.028,-0.174,-0.153,0.174
adv-konstantinov-fair_resample-all,0.618,0.673,0.459,0.342,0.457,0.755,0.000
adv-konstantinov-fair_resample-group-0,0.555,0.616,0.524,0.361,0.420,0.703,0.507
adv-konstantinov-fair_resample-group-1,0.683,0.718,0.392,0.323,0.507,0.796,0.493
adv-konstantinov-fair_resample-delta,-0.128,-0.102,0.131,0.039,-0.087,-0.093,0.093
adv-selected-all,0.687,0.734,0.459,0.395,0.590,0.770,0.000
adv-selected-group-0,0.634,0.675,0.524,0.534,0.660,0.604,0.507
adv-selected-group-1,0.742,0.761,0.392,0.253,0.493,0.903,0.493
adv-selected-delta,-0.108,-0.087,0.131,0.281,0.167,-0.298,0.298
adv-selected-fair_reg-all,0.663,0.720,0.459,0.467,0.642,0.681,0.000
adv-selected-fair_reg-group-0,0.607,0.673,0.524,0.508,0.610,0.604,0.507
adv-selected-fair_reg-group-1,0.720,0.764,0.392,0.425,0.685,0.743,0.493
adv-selected-fair_reg-delta,-0.113,-0.091,0.131,0.083,-0.075,-0.139,0.139
adv-selected-fair_pp-all,0.655,0.717,0.459,0.347,0.503,0.784,0.667
adv-selected-fair_pp-group-0,0.592,0.675,0.524,0.366,0.460,0.736,0.507
adv-selected-fair_pp-group-1,0.720,0.761,0.392,0.328,0.562,0.823,0.493
adv-selected-fair_pp-delta,-0.129,-0.087,0.131,0.039,-0.102,-0.087,0.102
adv-selected-fair_adv-all,0.653,0.729,0.459,0.377,0.532,0.755,0.333
adv-selected-fair_adv-group-0,0.592,0.674,0.524,0.429,0.520,0.670,0.507
adv-selected-fair_adv-group-1,0.715,0.762,0.392,0.323,0.548,0.823,0.493
adv-selected-fair_adv-delta,-0.123,-0.088,0.131,0.107,-0.028,-0.153,0.153
adv-selected-fair_resample-all,0.660,0.726,0.459,0.395,0.561,0.745,0.000
adv-selected-fair_resample-group-0,0.607,0.666,0.524,0.455,0.560,0.659,0.507
adv-selected-fair_resample-group-1,0.715,0.774,0.392,0.333,0.562,0.814,0.493
adv-selected-fair_resample-delta,-0.108,-0.107,0.131,0.122,-0.002,-0.155,0.155
adv-voting-all,0.660,0.703,0.459,0.347,0.509,0.789,0.117
adv-voting-group-0,0.613,0.625,0.524,0.450,0.560,0.670,0.507
adv-voting-group-1,0.710,0.747,0.392,0.242,0.438,0.885,0.493
adv-voting-delta,-0.097,-0.123,0.131,0.208,0.122,-0.215,0.215
adv-voting-fair_reg-all,0.645,0.694,0.459,0.443,0.595,0.686,0.141
adv-voting-fair_reg-group-0,0.592,0.628,0.524,0.471,0.560,0.626,0.507
adv-voting-fair_reg-group-1,0.699,0.753,0.392,0.414,0.644,0.735,0.493
adv-voting-fair_reg-delta,-0.107,-0.125,0.131,0.057,-0.084,-0.108,0.108
adv-voting-fair_pp-all,0.637,0.692,0.459,0.366,0.503,0.750,0.138
adv-voting-fair_pp-group-0,0.576,0.623,0.524,0.393,0.470,0.692,0.507
adv-voting-fair_pp-group-1,0.699,0.750,0.392,0.339,0.548,0.796,0.493
adv-voting-fair_pp-delta,-0.123,-0.127,0.131,0.054,-0.078,-0.104,0.104
adv-voting-fair_adv-all,0.631,0.699,0.459,0.340,0.468,0.770,0.133
adv-voting-fair_adv-group-0,0.550,0.624,0.524,0.377,0.430,0.681,0.507
adv-voting-fair_adv-group-1,0.715,0.750,0.392,0.301,0.521,0.841,0.493
adv-voting-fair_adv-delta,-0.165,-0.126,0.131,0.076,-0.091,-0.159,0.159
adv-voting-fair_resample-all,0.639,0.675,0.459,0.358,0.497,0.760,0.191
adv-voting-fair_resample-group-0,0.565,0.583,0.524,0.435,0.500,0.637,0.507
adv-voting-fair_resample-group-1,0.715,0.756,0.392,0.280,0.493,0.858,0.493
adv-voting-fair_resample-delta,-0.150,-0.173,0.131,0.155,0.007,-0.221,0.221
adv-TERM-all,0.573,0.541,0.459,0.048,0.087,0.985,0.000
adv-TERM-group-0,0.518,0.543,0.524,0.073,0.110,0.967,0.507
adv-TERM-group-1,0.629,0.527,0.392,0.022,0.055,1.000,0.493
adv-TERM-delta,-0.111,0.015,0.131,0.052,0.055,-0.033,0.055
adv-TERM-fair_pp-all,0.560,0.535,0.459,0.034,0.058,0.985,0.000
adv-TERM-fair_pp-group-0,0.492,0.537,0.524,0.047,0.060,0.967,0.507
adv-TERM-fair_pp-group-1,0.629,0.527,0.392,0.022,0.055,1.000,0.493
adv-TERM-fair_pp-delta,-0.137,0.009,0.131,0.026,0.005,-0.033,0.033
adv-TERM-fair_resample-all,0.538,0.506,0.459,0.034,0.035,0.966,0.000
adv-TERM-fair_resample-group-0,0.466,0.496,0.524,0.052,0.040,0.934,0.507
adv-TERM-fair_resample-group-1,0.613,0.509,0.392,0.016,0.027,0.991,0.493
adv-TERM-fair_resample-delta,-0.147,-0.013,0.131,0.036,0.013,-0.057,0.057
adv-DRO-fair_reg-all,0.599,0.679,0.459,0.111,0.185,0.951,0.000
adv-DRO-fair_reg-group-0,0.492,0.602,0.524,0.047,0.060,0.967,0.507
adv-DRO-fair_reg-group-1,0.710,0.762,0.392,0.177,0.356,0.938,0.493
adv-DRO-fair_reg-delta,-0.218,-0.161,0.131,-0.130,-0.296,0.029,0.296
