method,acc,auc,data_pr,cls_pr,tpr,tnr,extra
original-all,0.700,0.705,0.680,0.770,0.846,0.391,0.000
original-group-0,0.681,0.681,0.681,0.801,0.854,0.311,0.705
original-group-1,0.746,0.783,0.678,0.695,0.825,0.579,0.295
original-delta,-0.065,-0.102,0.003,0.107,0.029,-0.268,0.268
original-fair_reg-all,0.645,0.708,0.680,0.495,0.603,0.734,0.000
original-fair_reg-group-0,0.631,0.682,0.681,0.511,0.604,0.689,0.705
original-fair_reg-group-1,0.678,0.778,0.678,0.458,0.600,0.842,0.295
original-fair_reg-delta,-0.047,-0.096,0.003,0.053,0.004,-0.153,0.153
original-fair_pp-all,0.695,0.708,0.680,0.725,0.809,0.453,0.000
original-fair_pp-group-0,0.681,0.681,0.681,0.702,0.781,0.467,0.705
original-fair_pp-group-1,0.729,0.783,0.678,0.780,0.875,0.421,0.295
original-fair_pp-delta,-0.048,-0.102,0.003,-0.078,-0.094,0.046,0.094
original-fair_adv-all,0.690,0.710,0.680,0.750,0.824,0.406,0.000
original-fair_adv-group-0,0.674,0.680,0.681,0.738,0.802,0.400,0.705
original-fair_adv-group-1,0.729,0.786,0.678,0.780,0.875,0.421,0.295
original-fair_adv-delta,-0.055,-0.105,0.003,-0.042,-0.073,-0.021,0.073
original-fair_resample-all,0.650,0.704,0.680,0.740,0.787,0.359,0.000
original-fair_resample-group-0,0.631,0.686,0.681,0.738,0.771,0.333,0.705
original-fair_resample-group-1,0.695,0.742,0.678,0.746,0.825,0.421,0.295
original-fair_resample-delta,-0.064,-0.056,0.003,-0.008,-0.054,-0.088,0.088
adv-clean-all,0.715,0.709,0.680,0.785,0.868,0.391,0.000
adv-clean-group-0,0.709,0.685,0.681,0.844,0.906,0.289,0.705
adv-clean-group-1,0.729,0.809,0.678,0.644,0.775,0.632,0.295
adv-clean-delta,-0.020,-0.124,0.003,0.200,0.131,-0.343,0.343
adv-clean-fair_reg-all,0.665,0.720,0.680,0.515,0.632,0.734,0.000
adv-clean-fair_reg-group-0,0.652,0.689,0.681,0.532,0.635,0.689,0.705
adv-clean-fair_reg-group-1,0.695,0.811,0.678,0.475,0.625,0.842,0.295
adv-clean-fair_reg-delta,-0.042,-0.121,0.003,0.057,0.010,-0.153,0.153
adv-clean-fair_pp-all,0.715,0.718,0.680,0.775,0.860,0.406,0.000
adv-clean-fair_pp-group-0,0.695,0.685,0.681,0.773,0.844,0.378,0.705
adv-clean-fair_pp-group-1,0.763,0.809,0.678,0.780,0.900,0.474,0.295
adv-clean-fair_pp-delta,-0.068,-0.124,0.003,-0.007,-0.056,-0.096,0.096
adv-clean-fair_adv-all,0.700,0.717,0.680,0.780,0.853,0.375,0.000
adv-clean-fair_adv-group-0,0.681,0.686,0.681,0.787,0.844,0.333,0.705
adv-clean-fair_adv-group-1,0.746,0.808,0.678,0.763,0.875,0.474,0.295
adv-clean-fair_adv-delta,-0.065,-0.122,0.003,0.025,-0.031,-0.140,0.140
adv-clean-fair_resample-all,0.675,0.697,0.680,0.775,0.831,0.344,0.000
adv-clean-fair_resample-group-0,0.660,0.661,0.681,0.766,0.812,0.333,0.705
adv-clean-fair_resample-group-1,0.712,0.778,0.678,0.797,0.875,0.368,0.295
adv-clean-fair_resample-delta,-0.052,-0.117,0.003,-0.031,-0.062,-0.035,0.062
adv-all-all,0.650,0.657,0.680,0.620,0.699,0.547,0.000
adv-all-group-0,0.617,0.663,0.681,0.496,0.583,0.689,0.705
adv-all-group-1,0.729,0.749,0.678,0.915,0.975,0.211,0.295
adv-all-delta,-0.112,-0.086,0.003,-0.419,-0.392,0.478,0.478
adv-all-fair_reg-all,0.650,0.688,0.680,0.510,0.618,0.719,0.000
adv-all-fair_reg-group-0,0.660,0.665,0.681,0.553,0.656,0.667,0.705
adv-all-fair_reg-group-1,0.627,0.745,0.678,0.407,0.525,0.842,0.295
adv-all-fair_reg-delta,0.032,-0.079,0.003,0.146,0.131,-0.175,0.175
adv-all-fair_pp-all,0.635,0.684,0.680,0.495,0.596,0.719,0.000
adv-all-fair_pp-group-0,0.667,0.663,0.681,0.560,0.667,0.667,0.705
adv-all-fair_pp-group-1,0.559,0.749,0.678,0.339,0.425,0.842,0.295
adv-all-fair_pp-delta,0.107,-0.086,0.003,0.221,0.242,-0.175,0.242
adv-all-fair_adv-all,0.680,0.685,0.680,0.590,0.699,0.641,0.000
adv-all-fair_adv-group-0,0.674,0.663,0.681,0.567,0.677,0.667,0.705
adv-all-fair_adv-group-1,0.695,0.749,0.678,0.644,0.750,0.579,0.295
adv-all-fair_adv-delta,-0.021,-0.086,0.003,-0.077,-0.073,0.088,0.088
adv-all-fair_resample-all,0.680,0.698,0.680,0.590,0.699,0.641,0.000
adv-all-fair_resample-group-0,0.681,0.679,0.681,0.617,0.719,0.600,0.705
adv-all-fair_resample-group-1,0.678,0.753,0.678,0.525,0.650,0.737,0.295
adv-all-fair_resample-delta,0.003,-0.074,0.003,0.092,0.069,-0.137,0.137
adv-konstantinov-all,0.650,0.657,0.680,0.620,0.699,0.547,0.400
adv-konstantinov-group-0,0.617,0.663,0.681,0.496,0.583,0.689,0.705
adv-konstantinov-group-1,0.729,0.749,0.678,0.915,0.975,0.211,0.295
adv-konstantinov-delta,-0.112,-0.086,0.003,-0.419,-0.392,0.478,0.478
adv-konstantinov-fair_reg-all,0.650,0.688,0.680,0.510,0.618,0.719,0.000
adv-konstantinov-fair_reg-group-0,0.660,0.665,0.681,0.553,0.656,0.667,0.705
adv-konstantinov-fair_reg-group-1,0.627,0.745,0.678,0.407,0.525,0.842,0.295
adv-konstantinov-fair_reg-delta,0.032,-0.079,0.003,0.146,0.131,-0.175,0.175
adv-konstantinov-fair_pp-all,0.635,0.684,0.680,0.495,0.596,0.719,0.000
adv-konstantinov-fair_pp-group-0,0.667,0.663,0.681,0.560,0.667,0.667,0.705
adv-konstantinov-fair_pp-group-1,0.559,0.749,0.678,0.339,0.425,0.842,0.295
adv-konstantinov-fair_pp-delta,0.107,-0.086,0.003,0.221,0.242,-0.175,0.242
adv-konstantinov-fair_adv-all,0.680,0.685,0.680,0.590,0.699,0.641,0.000
adv-konstantinov-fair_adv-group-0,0.674,0.663,0.681,0.567,0.677,0.667,0.705
adv-konstantinov-fair_adv-group-1,0.695,0.749,0.678,0.644,0.750,0.579,0.295
adv-konstantinov-fair_adv-delta,-0.021,-0.086,0.003,-0.077,-0.073,0.088,0.088
adv-konstantinov-fair_resample-all,0.680,0.684,0.680,0.630,0.728,0.578,0.000
adv-konstantinov-fair_resample-group-0,0.688,0.658,0.681,0.652,0.750,0.556,0.705
adv-konstantinov-fair_resample-group-1,0.661,0.746,0.678,0.576,0.675,0.632,0.295
adv-konstantinov-fair_resample-delta,0.027,-0.088,0.003,0.076,0.075,-0.076,0.076
adv-selected-all,0.715,0.709,0.680,0.785,0.868,0.391,0.000
adv-selected-group-0,0.709,0.685,0.681,0.844,0.906,0.289,0.705
adv-selected-group-1,0.729,0.809,0.678,0.644,0.775,0.632,0.295
adv-selected-delta,-0.020,-0.124,0.003,0.200,0.131,-0.343,0.343
adv-selected-fair_reg-all,0.665,0.720,0.680,0.515,0.632,0.734,0.000
adv-selected-fair_reg-group-0,0.652,0.689,0.681,0.532,0.635,0.689,0.705
adv-selected-fair_reg-group-1,0.695,0.811,0.678,0.475,0.625,0.842,0.295
adv-selected-fair_reg-delta,-0.042,-0.121,0.003,0.057,0.010,-0.153,0.153
adv-selected-fair_pp-all,0.715,0.718,0.680,0.775,0.860,0.406,0.667
adv-selected-fair_pp-group-0,0.695,0.685,0.681,0.773,0.844,0.378,0.705
adv-selected-fair_pp-group-1,0.763,0.809,0.678,0.780,0.900,0.474,0.295
adv-selected-fair_pp-delta,-0.068,-0.124,0.003,-0.007,-0.056,-0.096,0.096
adv-selected-fair_adv-all,0.700,0.717,0.680,0.780,0.853,0.375,0.333
adv-selected-fair_adv-group-0,0.681,0.686,0.681,0.787,0.844,0.333,0.705
adv-selected-fair_adv-group-1,0.746,0.808,0.678,0.763,0.875,0.474,0.295
adv-selected-fair_adv-delta,-0.065,-0.122,0.003,0.025,-0.031,-0.140,0.140
adv-selected-fair_resample-all,0.705,0.702,0.680,0.775,0.853,0.391,0.000
adv-selected-fair_resample-group-0,0.688,0.658,0.681,0.766,0.833,0.378,0.705
adv-selected-fair_resample-group-1,0.746,0.811,0.678,0.797,0.900,0.421,0.295
adv-selected-fair_resample-delta,-0.058,-0.152,0.003,-0.031,-0.067,-0.043,0.067
adv-voting-all,0.690,0.713,0.680,0.690,0.779,0.500,0.005
adv-voting-group-0,0.674,0.675,0.681,0.667,0.750,0.511,0.705
adv-voting-group-1,0.729,0.799,0.678,0.746,0.850,0.474,0.295
adv-voting-delta,-0.055,-0.124,0.003,-0.079,-0.100,0.037,0.100
adv-voting-fair_reg-all,0.645,0.699,0.680,0.505,0.610,0.719,0.030
adv-voting-fair_reg-group-0,0.610,0.684,0.681,0.433,0.531,0.778,0.705
adv-voting-fair_reg-group-1,0.729,0.795,0.678,0.678,0.800,0.579,0.295
adv-voting-fair_reg-delta,-0.119,-0.111,0.003,-0.245,-0.269,0.199,0.269
adv-voting-fair_pp-all,0.695,0.694,0.680,0.635,0.743,0.594,0.020
adv-voting-fair_pp-group-0,0.660,0.642,0.681,0.567,0.667,0.644,0.705
adv-voting-fair_pp-group-1,0.780,0.826,0.678,0.797,0.925,0.474,0.295
adv-voting-fair_pp-delta,-0.120,-0.185,0.003,-0.229,-0.258,0.171,0.258
adv-voting-fair_adv-all,0.700,0.706,0.680,0.700,0.794,0.500,0.065
adv-voting-fair_adv-group-0,0.674,0.688,0.681,0.638,0.729,0.556,0.705
adv-voting-fair_adv-group-1,0.763,0.784,0.678,0.847,0.950,0.368,0.295
adv-voting-fair_adv-delta,-0.089,-0.096,0.003,-0.209,-0.221,0.187,0.221
adv-voting-fair_resample-all,0.695,0.672,0.680,0.645,0.750,0.578,0.040
adv-voting-fair_resample-group-0,0.645,0.612,0.681,0.596,0.677,0.578,0.705
adv-voting-fair_resample-group-1,0.814,0.797,0.678,0.763,0.925,0.579,0.295
adv-voting-fair_resample-delta,-0.168,-0.186,0.003,-0.167,-0.248,-0.001,0.248
adv-TERM-all,0.620,0.667,0.680,0.420,0.529,0.812,0.000
adv-TERM-group-0,0.567,0.635,0.681,0.348,0.438,0.844,0.705
adv-TERM-group-1,0.746,0.743,0.678,0.593,0.750,0.737,0.295
adv-TERM-delta,-0.178,-0.109,0.003,-0.246,-0.312,0.108,0.312
adv-TERM-fair_pp-all,0.615,0.667,0.680,0.425,0.529,0.797,0.000
adv-TERM-fair_pp-group-0,0.560,0.635,0.681,0.355,0.438,0.822,0.705
adv-TERM-fair_pp-group-1,0.746,0.743,0.678,0.593,0.750,0.737,0.295
adv-TERM-fair_pp-delta,-0.185,-0.109,0.003,-0.239,-0.312,0.085,0.312
adv-TERM-fair_resample-all,0.640,0.686,0.680,0.440,0.559,0.812,0.000
adv-TERM-fair_resample-group-0,0.624,0.677,0.681,0.418,0.531,0.822,0.705
adv-TERM-fair_resample-group-1,0.678,0.707,0.678,0.492,0.625,0.789,0.295
adv-TERM-fair_resample-delta,-0.054,-0.031,0.003,-0.073,-0.094,0.033,0.094
adv-DRO-fair_reg-all,0.685,0.499,0.680,0.995,1.000,0.016,0.000
adv-DRO-fair_reg-group-0,0.688,0.556,0.681,0.993,1.000,0.022,0.705
adv-DRO-fair_reg-group-1,0.678,0.345,0.678,1.000,1.000,0.000,0.295
adv-DRO-fair_reg-delta,0.010,0.212,0.003,-0.007,0.000,0.022,0.022
