method,acc,auc,data_pr,cls_pr,tpr,tnr,extra
original-all,0.706,0.754,0.395,0.451,0.698,0.711,0.000
original-group-0,0.655,0.671,0.500,0.629,0.784,0.526,0.515
original-group-1,0.760,0.781,0.284,0.262,0.538,0.847,0.485
original-delta,-0.105,-0.110,0.216,0.367,0.245,-0.322,0.322
original-fair_reg-all,0.655,0.725,0.395,0.475,0.664,0.649,0.000
original-fair_reg-group-0,0.624,0.671,0.500,0.526,0.649,0.598,0.515
original-fair_reg-group-1,0.689,0.782,0.284,0.421,0.692,0.687,0.485
original-fair_reg-delta,-0.065,-0.110,0.216,0.105,-0.043,-0.089,0.089
original-fair_pp-all,0.682,0.716,0.395,0.379,0.577,0.750,0.000
original-fair_pp-group-0,0.629,0.671,0.500,0.397,0.526,0.732,0.515
original-fair_pp-group-1,0.738,0.781,0.284,0.361,0.673,0.763,0.485
original-fair_pp-delta,-0.109,-0.110,0.216,0.036,-0.147,-0.031,0.147
original-fair_adv-all,0.679,0.735,0.395,0.430,0.638,0.706,0.000
original-fair_adv-group-0,0.624,0.670,0.500,0.495,0.619,0.629,0.515
original-fair_adv-group-1,0.738,0.781,0.284,0.361,0.673,0.763,0.485
original-fair_adv-delta,-0.114,-0.111,0.216,0.134,-0.055,-0.134,0.134
original-fair_resample-all,0.674,0.732,0.395,0.414,0.611,0.715,0.000
original-fair_resample-group-0,0.608,0.665,0.500,0.469,0.577,0.639,0.515
original-fair_resample-group-1,0.743,0.793,0.284,0.355,0.673,0.771,0.485
original-fair_resample-delta,-0.135,-0.128,0.216,0.114,-0.096,-0.132,0.132
adv-clean-all,0.698,0.755,0.395,0.416,0.644,0.732,0.000
adv-clean-group-0,0.644,0.668,0.500,0.577,0.722,0.567,0.515
adv-clean-group-1,0.754,0.786,0.284,0.246,0.500,0.855,0.485
adv-clean-delta,-0.110,-0.118,0.216,0.331,0.222,-0.288,0.288
adv-clean-fair_reg-all,0.668,0.723,0.395,0.451,0.651,0.680,0.000
adv-clean-fair_reg-group-0,0.634,0.669,0.500,0.495,0.629,0.639,0.515
adv-clean-fair_reg-group-1,0.705,0.786,0.284,0.404,0.692,0.710,0.485
adv-clean-fair_reg-delta,-0.071,-0.117,0.216,0.090,-0.063,-0.071,0.071
adv-clean-fair_pp-all,0.676,0.723,0.395,0.332,0.510,0.785,0.000
adv-clean-fair_pp-group-0,0.593,0.668,0.500,0.361,0.454,0.732,0.515
adv-clean-fair_pp-group-1,0.765,0.786,0.284,0.301,0.615,0.824,0.485
adv-clean-fair_pp-delta,-0.172,-0.118,0.216,0.060,-0.162,-0.092,0.162
adv-clean-fair_adv-all,0.690,0.734,0.395,0.393,0.604,0.746,0.000
adv-clean-fair_adv-group-0,0.624,0.668,0.500,0.464,0.588,0.660,0.515
adv-clean-fair_adv-group-1,0.760,0.786,0.284,0.317,0.635,0.809,0.485
adv-clean-fair_adv-delta,-0.136,-0.118,0.216,0.147,-0.047,-0.149,0.149
adv-clean-fair_resample-all,0.684,0.724,0.395,0.398,0.604,0.737,0.000
adv-clean-fair_resample-group-0,0.634,0.683,0.500,0.433,0.567,0.701,0.515
adv-clean-fair_resample-group-1,0.738,0.764,0.284,0.361,0.673,0.763,0.485
adv-clean-fair_resample-delta,-0.104,-0.081,0.216,0.072,-0.106,-0.062,0.106
adv-all-all,0.626,0.653,0.395,0.403,0.537,0.684,0.000
adv-all-group-0,0.598,0.675,0.500,0.294,0.392,0.804,0.515
adv-all-group-1,0.656,0.787,0.284,0.519,0.808,0.595,0.485
adv-all-delta,-0.058,-0.112,0.216,-0.225,-0.416,0.209,0.416
adv-all-fair_reg-all,0.698,0.752,0.395,0.485,0.732,0.675,0.000
adv-all-fair_reg-group-0,0.655,0.676,0.500,0.608,0.763,0.546,0.515
adv-all-fair_reg-group-1,0.743,0.788,0.284,0.355,0.673,0.771,0.485
adv-all-fair_reg-delta,-0.089,-0.113,0.216,0.253,0.090,-0.225,0.225
adv-all-fair_pp-all,0.690,0.749,0.395,0.472,0.705,0.680,0.000
adv-all-fair_pp-group-0,0.639,0.675,0.500,0.582,0.722,0.557,0.515
adv-all-fair_pp-group-1,0.743,0.787,0.284,0.355,0.673,0.771,0.485
adv-all-fair_pp-delta,-0.104,-0.112,0.216,0.227,0.049,-0.214,0.214
adv-all-fair_adv-all,0.682,0.736,0.395,0.432,0.644,0.706,0.000
adv-all-fair_adv-group-0,0.634,0.676,0.500,0.485,0.619,0.649,0.515
adv-all-fair_adv-group-1,0.732,0.788,0.284,0.377,0.692,0.748,0.485
adv-all-fair_adv-delta,-0.098,-0.112,0.216,0.107,-0.074,-0.099,0.099
adv-all-fair_resample-all,0.687,0.750,0.395,0.454,0.678,0.693,0.000
adv-all-fair_resample-group-0,0.644,0.686,0.500,0.526,0.670,0.619,0.515
adv-all-fair_resample-group-1,0.732,0.788,0.284,0.377,0.692,0.748,0.485
adv-all-fair_resample-delta,-0.088,-0.103,0.216,0.149,-0.022,-0.130,0.130
adv-konstantinov-all,0.626,0.653,0.395,0.403,0.537,0.684,0.400
adv-konstantinov-group-0,0.598,0.675,0.500,0.294,0.392,0.804,0.515
adv-konstantinov-group-1,0.656,0.787,0.284,0.519,0.808,0.595,0.485
adv-konstantinov-delta,-0.058,-0.112,0.216,-0.225,-0.416,0.209,0.416
adv-konstantinov-fair_reg-all,0.698,0.752,0.395,0.485,0.732,0.675,0.000
adv-konstantinov-fair_reg-group-0,0.655,0.676,0.500,0.608,0.763,0.546,0.515
adv-konstantinov-fair_reg-group-1,0.743,0.788,0.284,0.355,0.673,0.771,0.485
adv-konstantinov-fair_reg-delta,-0.089,-0.113,0.216,0.253,0.090,-0.225,0.225
adv-konstantinov-fair_pp-all,0.690,0.749,0.395,0.472,0.705,0.680,0.000
adv-konstantinov-fair_pp-group-0,0.639,0.675,0.500,0.582,0.722,0.557,0.515
adv-konstantinov-fair_pp-group-1,0.743,0.787,0.284,0.355,0.673,0.771,0.485
adv-konstantinov-fair_pp-delta,-0.104,-0.112,0.216,0.227,0.049,-0.214,0.214
adv-konstantinov-fair_adv-all,0.682,0.736,0.395,0.432,0.644,0.706,0.000
adv-konstantinov-fair_adv-group-0,0.634,0.676,0.500,0.485,0.619,0.649,0.515
adv-konstantinov-fair_adv-group-1,0.732,0.788,0.284,0.377,0.692,0.748,0.485
adv-konstantinov-fair_adv-delta,-0.098,-0.112,0.216,0.107,-0.074,-0.099,0.099
adv-konstantinov-fair_resample-all,0.682,0.733,0.395,0.438,0.651,0.702,0.000
adv-konstantinov-fair_resample-group-0,0.629,0.668,0.500,0.510,0.639,0.619,0.515
adv-konstantinov-fair_resample-group-1,0.738,0.775,0.284,0.361,0.673,0.763,0.485
adv-konstantinov-fair_resample-delta,-0.109,-0.107,0.216,0.150,-0.034,-0.145,0.145
adv-selected-all,0.698,0.755,0.395,0.416,0.644,0.732,0.000
adv-selected-group-0,0.644,0.668,0.500,0.577,0.722,0.567,0.515
adv-selected-group-1,0.754,0.786,0.284,0.246,0.500,0.855,0.485
adv-selected-delta,-0.110,-0.118,0.216,0.331,0.222,-0.288,0.288
adv-selected-fair_reg-all,0.668,0.723,0.395,0.451,0.651,0.680,0.000
adv-selected-fair_reg-group-0,0.634,0.669,0.500,0.495,0.629,0.639,0.515
adv-selected-fair_reg-group-1,0.705,0.786,0.284,0.404,0.692,0.710,0.485
adv-selected-fair_reg-delta,-0.071,-0.117,0.216,0.090,-0.063,-0.071,0.071
adv-selected-fair_pp-all,0.676,0.723,0.395,0.332,0.510,0.785,0.000
adv-selected-fair_pp-group-0,0.593,0.668,0.500,0.361,0.454,0.732,0.515
adv-selected-fair_pp-group-1,0.765,0.786,0.284,0.301,0.615,0.824,0.485
adv-selected-fair_pp-delta,-0.172,-0.118,0.216,0.060,-0.162,-0.092,0.162
adv-selected-fair_adv-all,0.690,0.734,0.395,0.393,0.604,0.746,0.333
adv-selected-fair_adv-group-0,0.624,0.668,0.500,0.464,0.588,0.660,0.515
adv-selected-fair_adv-group-1,0.760,0.786,0.284,0.317,0.635,0.809,0.485
adv-selected-fair_adv-delta,-0.136,-0.118,0.216,0.147,-0.047,-0.149,0.149
adv-selected-fair_resample-all,0.679,0.723,0.395,0.403,0.604,0.728,0.000
adv-selected-fair_resample-group-0,0.619,0.671,0.500,0.438,0.557,0.680,0.515
adv-selected-fair_resample-group-1,0.743,0.778,0.284,0.366,0.692,0.763,0.485
adv-selected-fair_resample-delta,-0.125,-0.107,0.216,0.072,-0.136,-0.083,0.136
adv-voting-all,0.687,0.723,0.395,0.395,0.604,0.741,0.000
adv-voting-group-0,0.629,0.673,0.500,0.418,0.546,0.711,0.515
adv-voting-group-1,0.749,0.791,0.284,0.372,0.712,0.763,0.485
adv-voting-delta,-0.120,-0.118,0.216,0.046,-0.165,-0.052,0.165
adv-voting-fair_reg-all,0.637,0.660,0.395,0.451,0.611,0.654,0.000
adv-voting-fair_reg-group-0,0.629,0.681,0.500,0.366,0.495,0.763,0.515
adv-voting-fair_reg-group-1,0.645,0.789,0.284,0.541,0.827,0.573,0.485
adv-voting-fair_reg-delta,-0.016,-0.108,0.216,-0.175,-0.332,0.190,0.332
adv-voting-fair_pp-all,0.660,0.713,0.395,0.475,0.671,0.654,0.003
adv-voting-fair_pp-group-0,0.644,0.678,0.500,0.495,0.639,0.649,0.515
adv-voting-fair_pp-group-1,0.678,0.776,0.284,0.454,0.731,0.656,0.485
adv-voting-fair_pp-delta,-0.033,-0.099,0.216,0.041,-0.092,-0.007,0.092
adv-voting-fair_adv-all,0.663,0.668,0.395,0.366,0.537,0.746,0.000
adv-voting-fair_adv-group-0,0.634,0.675,0.500,0.299,0.433,0.835,0.515
adv-voting-fair_adv-group-1,0.694,0.781,0.284,0.437,0.731,0.679,0.485
adv-voting-fair_adv-delta,-0.060,-0.106,0.216,-0.138,-0.298,0.156,0.298
adv-voting-fair_resample-all,0.592,0.612,0.395,0.401,0.490,0.658,0.000
adv-voting-fair_resample-group-0,0.557,0.672,0.500,0.253,0.309,0.804,0.515
adv-voting-fair_resample-group-1,0.628,0.776,0.284,0.557,0.827,0.550,0.485
adv-voting-fair_resample-delta,-0.072,-0.104,0.216,-0.305,-0.518,0.255,0.518
adv-TERM-all,0.637,0.579,0.395,0.191,0.282,0.868,0.000
adv-TERM-group-0,0.531,0.536,0.500,0.082,0.113,0.948,0.515
adv-TERM-group-1,0.749,0.704,0.284,0.306,0.596,0.809,0.485
adv-TERM-delta,-0.218,-0.168,0.216,-0.224,-0.483,0.139,0.483
adv-TERM-fair_pp-all,0.637,0.576,0.395,0.202,0.295,0.860,0.000
adv-TERM-fair_pp-group-0,0.536,0.541,0.500,0.098,0.134,0.938,0.515
adv-TERM-fair_pp-group-1,0.743,0.696,0.284,0.311,0.596,0.802,0.485
adv-TERM-fair_pp-delta,-0.207,-0.156,0.216,-0.214,-0.462,0.137,0.462
adv-TERM-fair_resample-all,0.658,0.594,0.395,0.164,0.275,0.908,0.000
adv-TERM-fair_resample-group-0,0.557,0.562,0.500,0.129,0.186,0.928,0.515
adv-TERM-fair_resample-group-1,0.765,0.666,0.284,0.202,0.442,0.893,0.485
adv-TERM-fair_resample-delta,-0.208,-0.103,0.216,-0.073,-0.257,0.035,0.257
adv-DRO-fair_reg-all,0.687,0.748,0.395,0.316,0.503,0.807,0.000
adv-DRO-fair_reg-group-0,0.634,0.679,0.500,0.412,0.546,0.722,0.515
adv-DRO-fair_reg-group-1,0.743,0.776,0.284,0.213,0.423,0.870,0.485
adv-DRO-fair_reg-delta,-0.109,-0.097,0.216,0.199,0.123,-0.149,0.149
