method,acc,auc,data_pr,cls_pr,tpr,tnr,extra
original-all,0.645,0.695,0.454,0.390,0.538,0.733,0.000
original-group-0,0.603,0.645,0.523,0.586,0.681,0.518,0.462
original-group-1,0.680,0.721,0.394,0.222,0.375,0.878,0.538
original-delta,-0.076,-0.077,0.129,0.365,0.306,-0.360,0.360
original-fair_reg-all,0.623,0.679,0.454,0.454,0.585,0.655,0.000
original-fair_reg-group-0,0.592,0.646,0.523,0.471,0.560,0.627,0.462
original-fair_reg-group-1,0.650,0.724,0.394,0.438,0.613,0.675,0.538
original-fair_reg-delta,-0.058,-0.078,0.129,0.033,-0.052,-0.048,0.052
original-fair_pp-all,0.634,0.672,0.454,0.411,0.550,0.704,0.000
original-fair_pp-group-0,0.615,0.645,0.523,0.402,0.516,0.723,0.462
original-fair_pp-group-1,0.650,0.721,0.394,0.419,0.588,0.691,0.538
original-fair_pp-delta,-0.035,-0.077,0.129,-0.016,-0.071,0.032,0.071
original-fair_adv-all,0.631,0.686,0.454,0.371,0.503,0.738,0.000
original-fair_adv-group-0,0.592,0.645,0.523,0.437,0.527,0.663,0.462
original-fair_adv-group-1,0.665,0.722,0.394,0.315,0.475,0.789,0.538
original-fair_adv-delta,-0.073,-0.077,0.129,0.122,0.052,-0.126,0.126
original-fair_resample-all,0.639,0.652,0.454,0.363,0.503,0.752,0.000
original-fair_resample-group-0,0.638,0.630,0.523,0.379,0.516,0.771,0.462
original-fair_resample-group-1,0.640,0.680,0.394,0.350,0.487,0.740,0.538
original-fair_resample-delta,-0.002,-0.050,0.129,0.030,0.029,0.031,0.031
adv-clean-all,0.647,0.689,0.454,0.408,0.561,0.718,0.000
adv-clean-group-0,0.609,0.646,0.523,0.557,0.659,0.554,0.462
adv-clean-group-1,0.680,0.711,0.394,0.281,0.450,0.829,0.538
adv-clean-delta,-0.071,-0.065,0.129,0.277,0.209,-0.275,0.275
adv-clean-fair_reg-all,0.631,0.672,0.454,0.499,0.643,0.621,0.000
adv-clean-fair_reg-group-0,0.615,0.647,0.523,0.506,0.615,0.614,0.462
adv-clean-fair_reg-group-1,0.645,0.714,0.394,0.493,0.675,0.626,0.538
adv-clean-fair_reg-delta,-0.030,-0.067,0.129,0.013,-0.060,-0.012,0.060
adv-clean-fair_pp-all,0.605,0.669,0.454,0.541,0.661,0.558,0.000
adv-clean-fair_pp-group-0,0.603,0.646,0.523,0.529,0.626,0.578,0.462
adv-clean-fair_pp-group-1,0.606,0.711,0.394,0.552,0.700,0.545,0.538
adv-clean-fair_pp-delta,-0.002,-0.065,0.129,-0.023,-0.074,0.034,0.074
adv-clean-fair_adv-all,0.623,0.679,0.454,0.390,0.515,0.714,0.000
adv-clean-fair_adv-group-0,0.598,0.647,0.523,0.454,0.549,0.651,0.462
adv-clean-fair_adv-group-1,0.645,0.712,0.394,0.335,0.475,0.756,0.538
adv-clean-fair_adv-delta,-0.048,-0.065,0.129,0.119,0.074,-0.105,0.105
adv-clean-fair_resample-all,0.629,0.667,0.454,0.422,0.556,0.689,0.000
adv-clean-fair_resample-group-0,0.615,0.651,0.523,0.448,0.560,0.675,0.462
adv-clean-fair_resample-group-1,0.640,0.689,0.394,0.399,0.550,0.699,0.538
adv-clean-fair_resample-delta,-0.025,-0.038,0.129,0.049,0.010,-0.024,0.024
adv-all-all,0.576,0.589,0.454,0.443,0.520,0.621,0.000
adv-all-group-0,0.569,0.649,0.523,0.126,0.209,0.964,0.462
adv-all-group-1,0.581,0.722,0.394,0.714,0.875,0.390,0.538
adv-all-delta,-0.012,-0.073,0.129,-0.588,-0.666,0.574,0.666
adv-all-fair_reg-all,0.631,0.692,0.454,0.467,0.608,0.650,0.000
adv-all-fair_reg-group-0,0.603,0.648,0.523,0.563,0.659,0.542,0.462
adv-all-fair_reg-group-1,0.655,0.722,0.394,0.384,0.550,0.724,0.538
adv-all-fair_reg-delta,-0.052,-0.073,0.129,0.179,0.109,-0.181,0.181
adv-all-fair_pp-all,0.642,0.690,0.454,0.398,0.544,0.723,0.000
adv-all-fair_pp-group-0,0.621,0.649,0.523,0.466,0.582,0.663,0.462
adv-all-fair_pp-group-1,0.660,0.722,0.394,0.340,0.500,0.764,0.538
adv-all-fair_pp-delta,-0.039,-0.073,0.129,0.126,0.082,-0.102,0.102
adv-all-fair_adv-all,0.639,0.673,0.454,0.406,0.550,0.714,0.000
adv-all-fair_adv-group-0,0.621,0.646,0.523,0.385,0.505,0.747,0.462
adv-all-fair_adv-group-1,0.655,0.720,0.394,0.424,0.600,0.691,0.538
adv-all-fair_adv-delta,-0.034,-0.074,0.129,-0.039,-0.095,0.056,0.095
adv-all-fair_resample-all,0.629,0.670,0.454,0.432,0.567,0.680,0.000
adv-all-fair_resample-group-0,0.615,0.641,0.523,0.448,0.560,0.675,0.462
adv-all-fair_resample-group-1,0.640,0.704,0.394,0.419,0.575,0.683,0.538
adv-all-fair_resample-delta,-0.025,-0.063,0.129,0.030,-0.015,-0.008,0.015
adv-konstantinov-all,0.576,0.589,0.454,0.443,0.520,0.621,0.400
adv-konstantinov-group-0,0.569,0.649,0.523,0.126,0.209,0.964,0.462
adv-konstantinov-group-1,0.581,0.722,0.394,0.714,0.875,0.390,0.538
adv-konstantinov-delta,-0.012,-0.073,0.129,-0.588,-0.666,0.574,0.666
adv-konstantinov-fair_reg-all,0.631,0.692,0.454,0.467,0.608,0.650,0.000
adv-konstantinov-fair_reg-group-0,0.603,0.648,0.523,0.563,0.659,0.542,0.462
adv-konstantinov-fair_reg-group-1,0.655,0.722,0.394,0.384,0.550,0.724,0.538
adv-konstantinov-fair_reg-delta,-0.052,-0.073,0.129,0.179,0.109,-0.181,0.181
adv-konstantinov-fair_pp-all,0.642,0.690,0.454,0.398,0.544,0.723,0.000
adv-konstantinov-fair_pp-group-0,0.621,0.649,0.523,0.466,0.582,0.663,0.462
adv-konstantinov-fair_pp-group-1,0.660,0.722,0.394,0.340,0.500,0.764,0.538
adv-konstantinov-fair_pp-delta,-0.039,-0.073,0.129,0.126,0.082,-0.102,0.102
adv-konstantinov-fair_adv-all,0.639,0.673,0.454,0.406,0.550,0.714,0.000
adv-konstantinov-fair_adv-group-0,0.621,0.646,0.523,0.385,0.505,0.747,0.462
adv-konstantinov-fair_adv-group-1,0.655,0.720,0.394,0.424,0.600,0.691,0.538
adv-konstantinov-fair_adv-delta,-0.034,-0.074,0.129,-0.039,-0.095,0.056,0.095
adv-konstantinov-fair_resample-all,0.618,0.663,0.454,0.406,0.526,0.694,0.000
adv-konstantinov-fair_resample-group-0,0.563,0.620,0.523,0.420,0.484,0.651,0.462
adv-konstantinov-fair_resample-group-1,0.665,0.703,0.394,0.394,0.575,0.724,0.538
adv-konstantinov-fair_resample-delta,-0.102,-0.083,0.129,0.025,-0.091,-0.073,0.091
adv-selected-all,0.647,0.689,0.454,0.408,0.561,0.718,0.000
adv-selected-group-0,0.609,0.646,0.523,0.557,0.659,0.554,0.462
adv-selected-group-1,0.680,0.711,0.394,0.281,0.450,0.829,0.538
adv-selected-delta,-0.071,-0.065,0.129,0.277,0.209,-0.275,0.275
adv-selected-fair_reg-all,0.631,0.672,0.454,0.499,0.643,0.621,0.000
adv-selected-fair_reg-group-0,0.615,0.647,0.523,0.506,0.615,0.614,0.462
adv-selected-fair_reg-group-1,0.645,0.714,0.394,0.493,0.675,0.626,0.538
adv-selected-fair_reg-delta,-0.030,-0.067,0.129,0.013,-0.060,-0.012,0.060
adv-selected-fair_pp-all,0.605,0.669,0.454,0.541,0.661,0.558,0.000
adv-selected-fair_pp-group-0,0.603,0.646,0.523,0.529,0.626,0.578,0.462
adv-selected-fair_pp-group-1,0.606,0.711,0.394,0.552,0.700,0.545,0.538
adv-selected-fair_pp-delta,-0.002,-0.065,0.129,-0.023,-0.074,0.034,0.074
adv-selected-fair_adv-all,0.623,0.679,0.454,0.390,0.515,0.714,0.333
adv-selected-fair_adv-group-0,0.598,0.647,0.523,0.454,0.549,0.651,0.462
adv-selected-fair_adv-group-1,0.645,0.712,0.394,0.335,0.475,0.756,0.538
adv-selected-fair_adv-delta,-0.048,-0.065,0.129,0.119,0.074,-0.105,0.105
adv-selected-fair_resample-all,0.626,0.646,0.454,0.387,0.515,0.718,0.000
adv-selected-fair_resample-group-0,0.609,0.626,0.523,0.420,0.527,0.699,0.462
adv-selected-fair_resample-group-1,0.640,0.672,0.394,0.360,0.500,0.732,0.538
adv-selected-fair_resample-delta,-0.031,-0.046,0.129,0.060,0.027,-0.033,0.033
adv-voting-all,0.642,0.661,0.454,0.387,0.532,0.733,0.000
adv-voting-group-0,0.644,0.644,0.523,0.339,0.484,0.819,0.462
adv-voting-group-1,0.640,0.705,0.394,0.429,0.588,0.675,0.538
adv-voting-delta,0.003,-0.061,0.129,-0.089,-0.104,0.144,0.144
adv-voting-fair_reg-all,0.621,0.625,0.454,0.488,0.620,0.621,0.000
adv-voting-fair_reg-group-0,0.638,0.637,0.523,0.310,0.451,0.843,0.462
adv-voting-fair_reg-group-1,0.606,0.708,0.394,0.640,0.812,0.472,0.538
adv-voting-fair_reg-delta,0.032,-0.071,0.129,-0.330,-0.362,0.372,0.372
adv-voting-fair_pp-all,0.658,0.678,0.454,0.345,0.503,0.786,0.029
adv-voting-fair_pp-group-0,0.632,0.636,0.523,0.362,0.495,0.783,0.462
adv-voting-fair_pp-group-1,0.680,0.723,0.394,0.330,0.512,0.789,0.538
adv-voting-fair_pp-delta,-0.048,-0.087,0.129,0.032,-0.018,-0.005,0.018
adv-voting-fair_adv-all,0.623,0.639,0.454,0.406,0.532,0.699,0.005
adv-voting-fair_adv-group-0,0.632,0.641,0.523,0.259,0.396,0.892,0.462
adv-voting-fair_adv-group-1,0.616,0.708,0.394,0.532,0.688,0.569,0.538
adv-voting-fair_adv-delta,0.016,-0.068,0.129,-0.273,-0.292,0.322,0.322
adv-voting-fair_resample-all,0.581,0.595,0.454,0.416,0.497,0.650,0.000
adv-voting-fair_resample-group-0,0.546,0.604,0.523,0.172,0.231,0.892,0.462
adv-voting-fair_resample-group-1,0.611,0.702,0.394,0.626,0.800,0.488,0.538
adv-voting-fair_resample-delta,-0.065,-0.098,0.129,-0.453,-0.569,0.404,0.569
adv-TERM-all,0.584,0.566,0.454,0.228,0.292,0.825,0.000
adv-TERM-group-0,0.540,0.559,0.523,0.086,0.143,0.976,0.462
adv-TERM-group-1,0.621,0.608,0.394,0.350,0.463,0.724,0.538
adv-TERM-delta,-0.080,-0.049,0.129,-0.264,-0.320,0.252,0.320
adv-TERM-fair_pp-all,0.589,0.564,0.454,0.223,0.292,0.835,0.000
adv-TERM-fair_pp-group-0,0.540,0.565,0.523,0.086,0.143,0.976,0.462
adv-TERM-fair_pp-group-1,0.631,0.601,0.394,0.340,0.463,0.740,0.538
adv-TERM-fair_pp-delta,-0.090,-0.036,0.129,-0.254,-0.320,0.236,0.320
adv-TERM-fair_resample-all,0.615,0.596,0.454,0.159,0.251,0.917,0.000
adv-TERM-fair_resample-group-0,0.557,0.580,0.523,0.115,0.187,0.964,0.462
adv-TERM-fair_resample-group-1,0.665,0.628,0.394,0.197,0.325,0.886,0.538
adv-TERM-fair_resample-delta,-0.108,-0.048,0.129,-0.082,-0.138,0.078,0.138
adv-DRO-fair_reg-all,0.578,0.695,0.454,0.058,0.099,0.976,0.000
adv-DRO-fair_reg-group-0,0.506,0.630,0.523,0.040,0.066,0.988,0.462
adv-DRO-fair_reg-group-1,0.640,0.738,0.394,0.074,0.138,0.967,0.538
adv-DRO-fair_reg-delta,-0.135,-0.108,0.129,-0.034,-0.072,0.020,0.072
