method,acc,auc,data_pr,cls_pr,tpr,tnr,extra
original-all,0.684,0.739,0.459,0.414,0.607,0.750,0.000
original-group-0,0.665,0.697,0.524,0.576,0.730,0.593,0.507
original-group-1,0.704,0.754,0.392,0.247,0.438,0.876,0.493
original-delta,-0.039,-0.057,0.131,0.329,0.292,-0.283,0.292
original-fair_reg-all,0.666,0.724,0.459,0.459,0.636,0.691,0.000
original-fair_reg-group-0,0.639,0.698,0.524,0.466,0.600,0.681,0.507
original-fair_reg-group-1,0.694,0.757,0.392,0.452,0.685,0.699,0.493
original-fair_reg-delta,-0.055,-0.059,0.131,0.014,-0.085,-0.018,0.085
original-fair_pp-all,0.668,0.722,0.459,0.302,0.468,0.838,0.000
original-fair_pp-group-0,0.602,0.697,0.524,0.293,0.400,0.824,0.507
original-fair_pp-group-1,0.737,0.754,0.392,0.312,0.562,0.850,0.493
original-fair_pp-delta,-0.134,-0.057,0.131,-0.019,-0.162,-0.025,0.162
original-fair_adv-all,0.692,0.734,0.459,0.379,0.578,0.789,0.000
original-fair_adv-group-0,0.639,0.697,0.524,0.435,0.570,0.714,0.507
original-fair_adv-group-1,0.747,0.754,0.392,0.323,0.589,0.850,0.493
original-fair_adv-delta,-0.109,-0.057,0.131,0.112,-0.019,-0.135,0.135
original-fair_resample-all,0.682,0.724,0.459,0.401,0.590,0.760,0.000
original-fair_resample-group-0,0.628,0.688,0.524,0.445,0.570,0.692,0.507
original-fair_resample-group-1,0.737,0.749,0.392,0.355,0.616,0.814,0.493
original-fair_resample-delta,-0.108,-0.061,0.131,0.090,-0.046,-0.122,0.122
adv-clean-all,0.687,0.734,0.459,0.395,0.590,0.770,0.000
adv-clean-group-0,0.634,0.675,0.524,0.534,0.660,0.604,0.507
adv-clean-group-1,0.742,0.761,0.392,0.253,0.493,0.903,0.493
adv-clean-delta,-0.108,-0.087,0.131,0.281,0.167,-0.298,0.298
adv-clean-fair_reg-all,0.663,0.720,0.459,0.467,0.642,0.681,0.000
adv-clean-fair_reg-group-0,0.607,0.673,0.524,0.508,0.610,0.604,0.507
adv-clean-fair_reg-group-1,0.720,0.764,0.392,0.425,0.685,0.743,0.493
adv-clean-fair_reg-delta,-0.113,-0.091,0.131,0.083,-0.075,-0.139,0.139
adv-clean-fair_pp-all,0.655,0.717,0.459,0.347,0.503,0.784,0.000
adv-clean-fair_pp-group-0,0.592,0.675,0.524,0.366,0.460,0.736,0.507
adv-clean-fair_pp-group-1,0.720,0.761,0.392,0.328,0.562,0.823,0.493
adv-clean-fair_pp-delta,-0.129,-0.087,0.131,0.039,-0.102,-0.087,0.102
adv-clean-fair_adv-all,0.653,0.729,0.459,0.377,0.532,0.755,0.000
adv-clean-fair_adv-group-0,0.592,0.674,0.524,0.429,0.520,0.670,0.507
adv-clean-fair_adv-group-1,0.715,0.762,0.392,0.323,0.548,0.823,0.493
adv-clean-fair_adv-delta,-0.123,-0.088,0.131,0.107,-0.028,-0.153,0.153
adv-clean-fair_resample-all,0.668,0.723,0.459,0.355,0.526,0.789,0.000
adv-clean-fair_resample-group-0,0.602,0.671,0.524,0.419,0.520,0.692,0.507
adv-clean-fair_resample-group-1,0.737,0.758,0.392,0.290,0.534,0.867,0.493
adv-clean-fair_resample-delta,-0.134,-0.087,0.131,0.129,-0.014,-0.175,0.175
adv-all-all,0.687,0.741,0.459,0.390,0.584,0.775,0.000
adv-all-group-0,0.639,0.697,0.524,0.466,0.600,0.681,0.507
adv-all-group-1,0.737,0.759,0.392,0.312,0.562,0.850,0.493
adv-all-delta,-0.098,-0.062,0.131,0.154,0.038,-0.168,0.168
adv-all-fair_reg-all,0.692,0.742,0.459,0.480,0.688,0.696,0.000
adv-all-fair_reg-group-0,0.660,0.695,0.524,0.592,0.740,0.571,0.507
adv-all-fair_reg-group-1,0.726,0.761,0.392,0.366,0.616,0.796,0.493
adv-all-fair_reg-delta,-0.066,-0.066,0.131,0.226,0.124,-0.225,0.225
adv-all-fair_pp-all,0.700,0.741,0.459,0.403,0.613,0.775,0.000
adv-all-fair_pp-group-0,0.660,0.697,0.524,0.487,0.640,0.681,0.507
adv-all-fair_pp-group-1,0.742,0.759,0.392,0.317,0.575,0.850,0.493
adv-all-fair_pp-delta,-0.082,-0.062,0.131,0.170,0.065,-0.168,0.168
adv-all-fair_adv-all,0.687,0.742,0.459,0.390,0.584,0.775,0.000
adv-all-fair_adv-group-0,0.639,0.697,0.524,0.466,0.600,0.681,0.507
adv-all-fair_adv-group-1,0.737,0.759,0.392,0.312,0.562,0.850,0.493
adv-all-fair_adv-delta,-0.098,-0.062,0.131,0.154,0.038,-0.168,0.168
adv-all-fair_resample-all,0.692,0.739,0.459,0.385,0.584,0.784,0.000
adv-all-fair_resample-group-0,0.649,0.698,0.524,0.476,0.620,0.681,0.507
adv-all-fair_resample-group-1,0.737,0.755,0.392,0.290,0.534,0.867,0.493
adv-all-fair_resample-delta,-0.087,-0.057,0.131,0.186,0.086,-0.186,0.186
adv-konstantinov-all,0.687,0.741,0.459,0.390,0.584,0.775,0.400
adv-konstantinov-group-0,0.639,0.697,0.524,0.466,0.600,0.681,0.507
adv-konstantinov-group-1,0.737,0.759,0.392,0.312,0.562,0.850,0.493
adv-konstantinov-delta,-0.098,-0.062,0.131,0.154,0.038,-0.168,0.168
adv-konstantinov-fair_reg-all,0.692,0.742,0.459,0.480,0.688,0.696,0.000
adv-konstantinov-fair_reg-group-0,0.660,0.695,0.524,0.592,0.740,0.571,0.507
adv-konstantinov-fair_reg-group-1,0.726,0.761,0.392,0.366,0.616,0.796,0.493
adv-konstantinov-fair_reg-delta,-0.066,-0.066,0.131,0.226,0.124,-0.225,0.225
adv-konstantinov-fair_pp-all,0.700,0.741,0.459,0.403,0.613,0.775,0.000
adv-konstantinov-fair_pp-group-0,0.660,0.697,0.524,0.487,0.640,0.681,0.507
adv-konstantinov-fair_pp-group-1,0.742,0.759,0.392,0.317,0.575,0.850,0.493
adv-konstantinov-fair_pp-delta,-0.082,-0.062,0.131,0.170,0.065,-0.168,0.168
adv-konstantinov-fair_adv-all,0.687,0.742,0.459,0.390,0.584,0.775,0.000
adv-konstantinov-fair_adv-group-0,0.639,0.697,0.524,0.466,0.600,0.681,0.507
adv-konstantinov-fair_adv-group-1,0.737,0.759,0.392,0.312,0.562,0.850,0.493
adv-konstantinov-fair_adv-delta,-0.098,-0.062,0.131,0.154,0.038,-0.168,0.168
adv-konstantinov-fair_resample-all,0.695,0.737,0.459,0.371,0.572,0.799,0.000
adv-konstantinov-fair_resample-group-0,0.644,0.702,0.524,0.429,0.570,0.725,0.507
adv-konstantinov-fair_resample-group-1,0.747,0.758,0.392,0.312,0.575,0.858,0.493
adv-konstantinov-fair_resample-delta,-0.103,-0.056,0.131,0.117,-0.005,-0.133,0.133
adv-selected-all,0.687,0.734,0.459,0.395,0.590,0.770,0.000
adv-selected-group-0,0.634,0.675,0.524,0.534,0.660,0.604,0.507
adv-selected-group-1,0.742,0.761,0.392,0.253,0.493,0.903,0.493
adv-selected-delta,-0.108,-0.087,0.131,0.281,0.167,-0.298,0.298
adv-selected-fair_reg-all,0.663,0.720,0.459,0.467,0.642,0.681,0.000
adv-selected-fair_reg-group-0,0.607,0.673,0.524,0.508,0.610,0.604,0.507
adv-selected-fair_reg-group-1,0.720,0.764,0.392,0.425,0.685,0.743,0.493
adv-selected-fair_reg-delta,-0.113,-0.091,0.131,0.083,-0.075,-0.139,0.139
adv-selected-fair_pp-all,0.655,0.717,0.459,0.347,0.503,0.784,0.000
adv-selected-fair_pp-group-0,0.592,0.675,0.524,0.366,0.460,0.736,0.507
adv-selected-fair_pp-group-1,0.720,0.761,0.392,0.328,0.562,0.823,0.493
adv-selected-fair_pp-delta,-0.129,-0.087,0.131,0.039,-0.102,-0.087,0.102
adv-selected-fair_adv-all,0.653,0.729,0.459,0.377,0.532,0.755,0.333
adv-selected-fair_adv-group-0,0.592,0.674,0.524,0.429,0.520,0.670,0.507
adv-selected-fair_adv-group-1,0.715,0.762,0.392,0.323,0.548,0.823,0.493
adv-selected-fair_adv-delta,-0.123,-0.088,0.131,0.107,-0.028,-0.153,0.153
adv-selected-fair_resample-all,0.660,0.726,0.459,0.395,0.561,0.745,0.000
adv-selected-fair_resample-group-0,0.607,0.667,0.524,0.455,0.560,0.659,0.507
adv-selected-fair_resample-group-1,0.715,0.773,0.392,0.333,0.562,0.814,0.493
adv-selected-fair_resample-delta,-0.108,-0.106,0.131,0.122,-0.002,-0.155,0.155
adv-voting-all,0.676,0.730,0.459,0.369,0.549,0.784,0.257
adv-voting-group-0,0.628,0.666,0.524,0.445,0.570,0.692,0.507
adv-voting-group-1,0.726,0.759,0.392,0.290,0.521,0.858,0.493
adv-voting-delta,-0.098,-0.094,0.131,0.155,0.049,-0.166,0.166
adv-voting-fair_reg-all,0.695,0.725,0.459,0.451,0.659,0.725,0.353
adv-voting-fair_reg-group-0,0.654,0.680,0.524,0.513,0.660,0.648,0.507
adv-voting-fair_reg-group-1,0.737,0.755,0.392,0.387,0.658,0.788,0.493
adv-voting-fair_reg-delta,-0.082,-0.075,0.131,0.126,0.002,-0.139,0.139
adv-voting-fair_pp-all,0.668,0.720,0.459,0.424,0.601,0.725,0.345
adv-voting-fair_pp-group-0,0.597,0.674,0.524,0.487,0.580,0.615,0.507
adv-voting-fair_pp-group-1,0.742,0.752,0.392,0.360,0.630,0.814,0.493
adv-voting-fair_pp-delta,-0.145,-0.078,0.131,0.127,-0.050,-0.199,0.199
adv-voting-fair_adv-all,0.655,0.723,0.459,0.369,0.526,0.765,0.377
adv-voting-fair_adv-group-0,0.602,0.679,0.524,0.419,0.520,0.692,0.507
adv-voting-fair_adv-group-1,0.710,0.747,0.392,0.317,0.534,0.823,0.493
adv-voting-fair_adv-delta,-0.108,-0.069,0.131,0.102,-0.014,-0.131,0.131
adv-voting-fair_resample-all,0.676,0.716,0.459,0.390,0.572,0.765,0.395
adv-voting-fair_resample-group-0,0.634,0.678,0.524,0.440,0.570,0.703,0.507
adv-voting-fair_resample-group-1,0.720,0.743,0.392,0.339,0.575,0.814,0.493
adv-voting-fair_resample-delta,-0.087,-0.065,0.131,0.101,-0.005,-0.111,0.111
adv-TERM-all,0.639,0.619,0.459,0.199,0.324,0.907,0.000
adv-TERM-group-0,0.565,0.585,0.524,0.215,0.290,0.868,0.507
adv-TERM-group-1,0.715,0.654,0.392,0.183,0.370,0.938,0.493
adv-TERM-delta,-0.150,-0.069,0.131,0.032,-0.080,-0.070,0.080
adv-TERM-fair_pp-all,0.639,0.617,0.459,0.210,0.335,0.897,0.000
adv-TERM-fair_pp-group-0,0.571,0.584,0.524,0.230,0.310,0.857,0.507
adv-TERM-fair_pp-group-1,0.710,0.649,0.392,0.188,0.370,0.929,0.493
adv-TERM-fair_pp-delta,-0.139,-0.065,0.131,0.042,-0.060,-0.072,0.072
adv-TERM-fair_resample-all,0.597,0.565,0.459,0.130,0.202,0.931,0.000
adv-TERM-fair_resample-group-0,0.529,0.546,0.524,0.136,0.180,0.912,0.507
adv-TERM-fair_resample-group-1,0.667,0.586,0.392,0.124,0.233,0.947,0.493
adv-TERM-fair_resample-delta,-0.138,-0.040,0.131,0.012,-0.053,-0.035,0.053
adv-DRO-fair_reg-all,0.645,0.740,0.459,0.294,0.434,0.824,0.000
adv-DRO-fair_reg-group-0,0.586,0.677,0.524,0.382,0.470,0.714,0.507
adv-DRO-fair_reg-group-1,0.704,0.778,0.392,0.204,0.384,0.912,0.493
adv-DRO-fair_reg-delta,-0.118,-0.101,0.131,0.178,0.086,-0.197,0.197
