method,acc,auc,data_pr,cls_pr,tpr,tnr,extra
original-all,0.700,0.705,0.680,0.770,0.846,0.391,0.000
original-group-0,0.681,0.681,0.681,0.801,0.854,0.311,0.705
original-group-1,0.746,0.783,0.678,0.695,0.825,0.579,0.295
original-delta,-0.065,-0.102,0.003,0.107,0.029,-0.268,0.268
original-fair_reg-all,0.645,0.708,0.680,0.495,0.603,0.734,0.000
original-fair_reg-group-0,0.631,0.682,0.681,0.511,0.604,0.689,0.705
original-fair_reg-group-1,0.678,0.778,0.678,0.458,0.600,0.842,0.295
original-fair_reg-delta,-0.047,-0.096,0.003,0.053,0.004,-0.153,0.153
original-fair_pp-all,0.695,0.708,0.680,0.725,0.809,0.453,0.000
original-fair_pp-group-0,0.681,0.681,0.681,0.702,0.781,0.467,0.705
original-fair_pp-group-1,0.729,0.783,0.678,0.780,0.875,0.421,0.295
original-fair_pp-delta,-0.048,-0.102,0.003,-0.078,-0.094,0.046,0.094
original-fair_adv-all,0.690,0.710,0.680,0.750,0.824,0.406,0.000
original-fair_adv-group-0,0.674,0.680,0.681,0.738,0.802,0.400,0.705
original-fair_adv-group-1,0.729,0.786,0.678,0.780,0.875,0.421,0.295
original-fair_adv-delta,-0.055,-0.105,0.003,-0.042,-0.073,-0.021,0.073
original-fair_resample-all,0.650,0.704,0.680,0.740,0.787,0.359,0.000
original-fair_resample-group-0,0.631,0.686,0.681,0.738,0.771,0.333,0.705
original-fair_resample-group-1,0.695,0.742,0.678,0.746,0.825,0.421,0.295
original-fair_resample-delta,-0.064,-0.056,0.003,-0.008,-0.054,-0.088,0.088
adv-clean-all,0.715,0.709,0.680,0.785,0.868,0.391,0.000
adv-clean-group-0,0.709,0.685,0.681,0.844,0.906,0.289,0.705
adv-clean-group-1,0.729,0.809,0.678,0.644,0.775,0.632,0.295
adv-clean-delta,-0.020,-0.124,0.003,0.200,0.131,-0.343,0.343
adv-clean-fair_reg-all,0.665,0.720,0.680,0.515,0.632,0.734,0.000
adv-clean-fair_reg-group-0,0.652,0.689,0.681,0.532,0.635,0.689,0.705
adv-clean-fair_reg-group-1,0.695,0.811,0.678,0.475,0.625,0.842,0.295
adv-clean-fair_reg-delta,-0.042,-0.121,0.003,0.057,0.010,-0.153,0.153
adv-clean-fair_pp-all,0.715,0.718,0.680,0.775,0.860,0.406,0.000
adv-clean-fair_pp-group-0,0.695,0.685,0.681,0.773,0.844,0.378,0.705
adv-clean-fair_pp-group-1,0.763,0.809,0.678,0.780,0.900,0.474,0.295
adv-clean-fair_pp-delta,-0.068,-0.124,0.003,-0.007,-0.056,-0.096,0.096
adv-clean-fair_adv-all,0.700,0.717,0.680,0.780,0.853,0.375,0.000
adv-clean-fair_adv-group-0,0.681,0.686,0.681,0.787,0.844,0.333,0.705
adv-clean-fair_adv-group-1,0.746,0.808,0.678,0.763,0.875,0.474,0.295
adv-clean-fair_adv-delta,-0.065,-0.122,0.003,0.025,-0.031,-0.140,0.140
adv-clean-fair_resample-all,0.675,0.697,0.680,0.775,0.831,0.344,0.000
adv-clean-fair_resample-group-0,0.660,0.661,0.681,0.766,0.812,0.333,0.705
adv-clean-fair_resample-group-1,0.712,0.778,0.678,0.797,0.875,0.368,0.295
adv-clean-fair_resample-delta,-0.052,-0.117,0.003,-0.031,-0.062,-0.035,0.062
adv-all-all,0.565,0.602,0.680,0.535,0.574,0.547,0.000
adv-all-group-0,0.518,0.675,0.681,0.340,0.396,0.778,0.705
adv-all-group-1,0.678,0.741,0.678,1.000,1.000,0.000,0.295
adv-all-delta,-0.160,-0.066,0.003,-0.660,-0.604,0.778,0.778
adv-all-fair_reg-all,0.615,0.694,0.680,0.455,0.551,0.750,0.000
adv-all-fair_reg-group-0,0.596,0.675,0.681,0.447,0.531,0.733,0.705
adv-all-fair_reg-group-1,0.661,0.745,0.678,0.475,0.600,0.789,0.295
adv-all-fair_reg-delta,-0.065,-0.070,0.003,-0.028,-0.069,-0.056,0.069
adv-all-fair_pp-all,0.680,0.693,0.680,0.640,0.735,0.562,0.000
adv-all-fair_pp-group-0,0.667,0.675,0.681,0.603,0.698,0.600,0.705
adv-all-fair_pp-group-1,0.712,0.741,0.678,0.729,0.825,0.474,0.295
adv-all-fair_pp-delta,-0.045,-0.066,0.003,-0.126,-0.127,0.126,0.127
adv-all-fair_adv-all,0.660,0.678,0.680,0.630,0.713,0.547,0.000
adv-all-fair_adv-group-0,0.660,0.673,0.681,0.539,0.646,0.689,0.705
adv-all-fair_adv-group-1,0.661,0.746,0.678,0.847,0.875,0.211,0.295
adv-all-fair_adv-delta,-0.001,-0.073,0.003,-0.308,-0.229,0.478,0.478
adv-all-fair_resample-all,0.655,0.670,0.680,0.545,0.647,0.672,0.000
adv-all-fair_resample-group-0,0.631,0.651,0.681,0.525,0.615,0.667,0.705
adv-all-fair_resample-group-1,0.712,0.724,0.678,0.593,0.725,0.684,0.295
adv-all-fair_resample-delta,-0.081,-0.072,0.003,-0.068,-0.110,-0.018,0.110
adv-konstantinov-all,0.565,0.602,0.680,0.535,0.574,0.547,0.400
adv-konstantinov-group-0,0.518,0.675,0.681,0.340,0.396,0.778,0.705
adv-konstantinov-group-1,0.678,0.741,0.678,1.000,1.000,0.000,0.295
adv-konstantinov-delta,-0.160,-0.066,0.003,-0.660,-0.604,0.778,0.778
adv-konstantinov-fair_reg-all,0.615,0.694,0.680,0.455,0.551,0.750,0.000
adv-konstantinov-fair_reg-group-0,0.596,0.675,0.681,0.447,0.531,0.733,0.705
adv-konstantinov-fair_reg-group-1,0.661,0.745,0.678,0.475,0.600,0.789,0.295
adv-konstantinov-fair_reg-delta,-0.065,-0.070,0.003,-0.028,-0.069,-0.056,0.069
adv-konstantinov-fair_pp-all,0.680,0.693,0.680,0.640,0.735,0.562,0.000
adv-konstantinov-fair_pp-group-0,0.667,0.675,0.681,0.603,0.698,0.600,0.705
adv-konstantinov-fair_pp-group-1,0.712,0.741,0.678,0.729,0.825,0.474,0.295
adv-konstantinov-fair_pp-delta,-0.045,-0.066,0.003,-0.126,-0.127,0.126,0.127
adv-konstantinov-fair_adv-all,0.660,0.678,0.680,0.630,0.713,0.547,0.000
adv-konstantinov-fair_adv-group-0,0.660,0.673,0.681,0.539,0.646,0.689,0.705
adv-konstantinov-fair_adv-group-1,0.661,0.746,0.678,0.847,0.875,0.211,0.295
adv-konstantinov-fair_adv-delta,-0.001,-0.073,0.003,-0.308,-0.229,0.478,0.478
adv-konstantinov-fair_resample-all,0.635,0.631,0.680,0.655,0.713,0.469,0.000
adv-konstantinov-fair_resample-group-0,0.652,0.616,0.681,0.645,0.719,0.511,0.705
adv-konstantinov-fair_resample-group-1,0.593,0.686,0.678,0.678,0.700,0.368,0.295
adv-konstantinov-fair_resample-delta,0.059,-0.070,0.003,-0.033,0.019,0.143,0.143
adv-selected-all,0.715,0.709,0.680,0.785,0.868,0.391,0.000
adv-selected-group-0,0.709,0.685,0.681,0.844,0.906,0.289,0.705
adv-selected-group-1,0.729,0.809,0.678,0.644,0.775,0.632,0.295
adv-selected-delta,-0.020,-0.124,0.003,0.200,0.131,-0.343,0.343
adv-selected-fair_reg-all,0.665,0.720,0.680,0.515,0.632,0.734,0.000
adv-selected-fair_reg-group-0,0.652,0.689,0.681,0.532,0.635,0.689,0.705
adv-selected-fair_reg-group-1,0.695,0.811,0.678,0.475,0.625,0.842,0.295
adv-selected-fair_reg-delta,-0.042,-0.121,0.003,0.057,0.010,-0.153,0.153
adv-selected-fair_pp-all,0.715,0.718,0.680,0.775,0.860,0.406,0.667
adv-selected-fair_pp-group-0,0.695,0.685,0.681,0.773,0.844,0.378,0.705
adv-selected-fair_pp-group-1,0.763,0.809,0.678,0.780,0.900,0.474,0.295
adv-selected-fair_pp-delta,-0.068,-0.124,0.003,-0.007,-0.056,-0.096,0.096
adv-selected-fair_adv-all,0.700,0.717,0.680,0.780,0.853,0.375,0.333
adv-selected-fair_adv-group-0,0.681,0.686,0.681,0.787,0.844,0.333,0.705
adv-selected-fair_adv-group-1,0.746,0.808,0.678,0.763,0.875,0.474,0.295
adv-selected-fair_adv-delta,-0.065,-0.122,0.003,0.025,-0.031,-0.140,0.140
adv-selected-fair_resample-all,0.695,0.698,0.680,0.785,0.853,0.359,0.000
adv-selected-fair_resample-group-0,0.681,0.661,0.681,0.801,0.854,0.311,0.705
adv-selected-fair_resample-group-1,0.729,0.792,0.678,0.746,0.850,0.474,0.295
adv-selected-fair_resample-delta,-0.048,-0.131,0.003,0.056,0.004,-0.163,0.163
adv-voting-all,0.690,0.711,0.680,0.690,0.779,0.500,0.000
adv-voting-group-0,0.674,0.675,0.681,0.667,0.750,0.511,0.705
adv-voting-group-1,0.729,0.796,0.678,0.746,0.850,0.474,0.295
adv-voting-delta,-0.055,-0.121,0.003,-0.079,-0.100,0.037,0.100
adv-voting-fair_reg-all,0.645,0.710,0.680,0.495,0.603,0.734,0.005
adv-voting-fair_reg-group-0,0.603,0.683,0.681,0.426,0.521,0.778,0.705
adv-voting-fair_reg-group-1,0.746,0.824,0.678,0.661,0.800,0.632,0.295
adv-voting-fair_reg-delta,-0.143,-0.141,0.003,-0.235,-0.279,0.146,0.279
adv-voting-fair_pp-all,0.705,0.674,0.680,0.655,0.765,0.578,0.040
adv-voting-fair_pp-group-0,0.674,0.655,0.681,0.567,0.677,0.667,0.705
adv-voting-fair_pp-group-1,0.780,0.786,0.678,0.864,0.975,0.368,0.295
adv-voting-fair_pp-delta,-0.106,-0.130,0.003,-0.297,-0.298,0.298,0.298
adv-voting-fair_adv-all,0.700,0.707,0.680,0.700,0.794,0.500,0.045
adv-voting-fair_adv-group-0,0.674,0.688,0.681,0.638,0.729,0.556,0.705
adv-voting-fair_adv-group-1,0.763,0.793,0.678,0.847,0.950,0.368,0.295
adv-voting-fair_adv-delta,-0.089,-0.106,0.003,-0.209,-0.221,0.187,0.221
adv-voting-fair_resample-all,0.670,0.668,0.680,0.670,0.750,0.500,0.025
adv-voting-fair_resample-group-0,0.631,0.661,0.681,0.582,0.656,0.578,0.705
adv-voting-fair_resample-group-1,0.763,0.768,0.678,0.881,0.975,0.316,0.295
adv-voting-fair_resample-delta,-0.132,-0.107,0.003,-0.300,-0.319,0.262,0.319
adv-TERM-all,0.445,0.559,0.680,0.205,0.243,0.875,0.000
adv-TERM-group-0,0.362,0.531,0.681,0.043,0.062,1.000,0.705
adv-TERM-group-1,0.644,0.627,0.678,0.593,0.675,0.579,0.295
adv-TERM-delta,-0.282,-0.096,0.003,-0.551,-0.613,0.421,0.613
adv-TERM-fair_pp-all,0.445,0.559,0.680,0.205,0.243,0.875,0.000
adv-TERM-fair_pp-group-0,0.362,0.531,0.681,0.043,0.062,1.000,0.705
adv-TERM-fair_pp-group-1,0.644,0.627,0.678,0.593,0.675,0.579,0.295
adv-TERM-fair_pp-delta,-0.282,-0.096,0.003,-0.551,-0.613,0.421,0.613
adv-TERM-fair_resample-all,0.680,0.692,0.680,0.530,0.654,0.734,0.000
adv-TERM-fair_resample-group-0,0.667,0.703,0.681,0.461,0.594,0.822,0.705
adv-TERM-fair_resample-group-1,0.712,0.663,0.678,0.695,0.800,0.526,0.295
adv-TERM-fair_resample-delta,-0.045,0.040,0.003,-0.234,-0.206,0.296,0.296
adv-DRO-fair_reg-all,0.685,0.414,0.680,0.995,1.000,0.016,0.000
adv-DRO-fair_reg-group-0,0.688,0.464,0.681,0.993,1.000,0.022,0.705
adv-DRO-fair_reg-group-1,0.678,0.288,0.678,1.000,1.000,0.000,0.295
adv-DRO-fair_reg-delta,0.010,0.176,0.003,-0.007,0.000,0.022,0.022
